16,21,11,8,12,22 dizisini merge sort ile sıralayalım. merge sort tamamen bölüp sıralayarak birleştirme işi yapar.
               16 21 11 8 12 22
   16 21 11                       8 12 22

  16 21        11               8 12           22

16    21                   8          12



16    21     11               8      12        22 



11 16 21                          8 12 22

              8 11 12 16 21 22
